0.000000 -7.076854
0.204082 -1.593023
0.408163 -0.693164
0.612245 -2.480774
0.816327 1.234388
1.020408 4.571275
1.224490 12.492154
1.428571 4.444318
1.632653 5.369385
1.836735 4.219607
2.040816 -4.491815
2.244898 5.479676
2.448980 6.423600
2.653061 18.948864
2.857143 6.181052
3.061224 9.160798
3.265306 7.989706
3.469388 2.830079
3.673469 14.897788
3.877551 13.453543
4.081633 14.159241
4.285714 6.167348
4.489796 18.238461
4.693878 4.725439
4.897959 15.179183
5.102041 23.707380
5.306122 8.312624
5.510204 10.944022
5.714286 14.783971
5.918367 12.278540
6.122449 7.552805
6.326531 16.159141
6.530612 11.015012
6.734694 19.204697
6.938776 12.749818
7.142857 25.606815
7.346939 14.451080
7.551020 17.267243
7.755102 23.455341
7.959184 13.743638
8.163265 21.545463
8.367347 27.454081
8.571429 13.391155
8.775510 22.861945
8.979592 23.748394
9.183673 26.868298
9.387755 17.284634
9.591837 17.377309
9.795918 27.099504
10.000000 26.484923
