0.000000 0.496714
0.204082 0.371940
0.408163 1.668097
0.612245 3.053642
0.816327 1.806663
1.020408 2.316883
1.224490 4.640437
1.428571 4.338863
1.632653 3.612158
1.836735 5.134397
2.040816 4.638623
2.244898 5.146515
2.448980 6.364411
2.653061 4.719373
2.857143 5.417939
3.061224 7.090774
3.265306 7.150434
3.469388 8.987717
3.673469 8.275649
3.877551 8.281574
4.081633 11.669730
4.285714 10.488509
4.489796 11.292018
4.693878 10.309946
4.897959 11.700515
5.102041 12.866025
5.306122 12.114313
5.510204 14.151208
5.714286 13.685076
5.918367 14.504225
6.122449 14.704416
6.326531 17.668605
6.530612 16.313033
6.734694 15.779024
6.938776 18.169484
7.142857 16.636299
7.346939 18.576211
7.551020 16.917881
7.755102 18.059569
7.959184 20.094820
8.163265 21.146630
8.367347 21.089736
8.571429 21.312923
8.775510 21.637672
8.979592 20.970458
9.183673 22.239339
9.387755 23.008749
9.591837 25.036714
9.795918 24.833414
10.000000 23.236960
