0.000000 0.972252
0.204082 -0.645043
0.408163 -1.010358
0.612245 3.365641
0.816327 5.133815
1.020408 5.344861
1.224490 0.543572
1.428571 2.643791
1.632653 5.075423
1.836735 7.518472
2.040816 3.664518
2.244898 5.055268
2.448980 2.803444
2.653061 3.044033
2.857143 9.580435
3.061224 11.721781
3.265306 7.947235
3.469388 11.684068
3.673469 10.268582
3.877551 7.758518
4.081633 11.288268
4.285714 15.328395
4.489796 11.117012
4.693878 16.428625
4.897959 4.385663
5.102041 15.220810
5.306122 13.526447
5.510204 12.878488
5.714286 14.560997
5.918367 8.833212
6.122449 14.647107
6.326531 16.887664
6.530612 20.760213
6.734694 15.281924
6.938776 14.921458
7.142857 16.351872
7.346939 21.113553
7.551020 19.863804
7.755102 17.798474
7.959184 21.437761
8.163265 20.699396
8.367347 23.824302
8.571429 19.322412
8.775510 20.955789
8.979592 21.272655
9.183673 18.568639
9.387755 24.357749
9.591837 24.762758
9.795918 24.505136
10.000000 24.296239
